-2.851115170939239,1.071669414595942,1.2170625645908122,0.41390104459788757,1.7458676222066791,-2.530151381154615,-0.6621001733749523,3.0007751158587386,4.0,1.0,8.0

-2.851115170939239,1.071669414595942,1.2170625645908122,0.41390104459788757,1.7458676222066791,-2.530151381154615,-0.6621001733749523,3.0007751158587386,3.0,0.0,8.0

-2.851115170939239,1.071669414595942,1.2170625645908122,0.41390104459788757,1.7458676222066791,-2.530151381154615,-0.6621001733749523,3.0007751158587386,3.0,0.0,8.0

-2.851115170939239,1.071669414595942,1.2170625645908122,0.41390104459788757,1.7458676222066791,-2.530151381154615,-0.6621001733749523,3.0007751158587386,5.0,0.0,12.0

-2.851115170939239,1.071669414595942,1.2170625645908122,0.41390104459788757,1.7458676222066791,-2.530151381154615,-0.6621001733749523,3.0007751158587386,3.0,0.0,8.0

-0.37397137959333243,1.3318473407447025,0.06097982228192192,3.0010559219720725,0.35034658530427876,1.1928928114771862,0.09203331049867416,-1.2111207190097866,1.0,0.0,5.0

-2.851115170939239,1.071669414595942,1.2170625645908122,0.41390104459788757,1.7458676222066791,-2.530151381154615,-0.6621001733749523,3.0007751158587386,2.0,0.0,6.0

-2.851115170939239,1.071669414595942,1.2170625645908122,0.41390104459788757,1.7458676222066791,-2.530151381154615,-0.6621001733749523,3.0007751158587386,2.0,0.0,6.0

-0.25796330150726715,0.21021381165893713,0.7054417546874289,1.3985139139598306,0.7773342536318473,0.7282483457713617,0.9378897073971446,1.990298723103403,5.0,0.0,13.0

-0.37397137959333243,1.3318473407447025,0.06097982228192192,3.0010559219720725,0.35034658530427876,1.1928928114771862,0.09203331049867416,-1.2111207190097866,5.0,1.0,11.0


over 15 generations, pop size 10, 10 evaluations per agent
Our agent: Avg: 3.3, min: 0.0, max: 11.0 across 100 runs
MCTS base agent: Avg: 2.580000, min: 0.000000, max: 11.000000 across 100 runs